   3.9470862593   -0.4425805762    1.6467153793
   5.2815439132    1.4426647591   -0.1719379687
   4.6150222274    2.1950122162   -0.1719379687
   3.9470862593   -0.4425805762   -1.9905913166
   2.2402741749   -0.3760399490    1.9348352798
   1.7152741749    0.5332867250   -1.9838180681
   2.2402741749   -0.3760399490   -2.2651647202
   2.1866322834   -1.7005603990    1.8358984013
   3.2366322834   -1.7005603990    1.5545517492
   2.7116322834   -2.6098870730    1.5545517492
   3.2366322834   -1.7005603990   -2.0827549467
   2.7116322834   -2.6098870730   -2.0827549467
   2.1866322834   -1.7005603990   -2.3641015987
   0.9733240789   -2.1934928247    1.8713595841
   0.4483240789   -3.1028194987    1.5900129320
   1.4983240789   -3.1028194987    1.5900129320
   0.7145027218   -3.9936349039    0.8213595841
   1.7288199831   -3.8477980985    0.8213595841
   0.2286538161   -4.1570269344   -0.2286404159
   1.2264511074   -4.2781814603   -0.2286404159
   2.1662600470   -3.9217589431   -0.2286404159
   0.7145027218   -3.9936349039   -1.2786404159
   1.7288199831   -3.8477980985   -1.2786404159
  -0.0766759211   -2.1934928247   -2.0472937639
   0.4483240789   -3.1028194987   -2.0472937639
   1.4983240789   -3.1028194987   -2.0472937639
   0.9733240789   -2.1934928247   -2.3286404159
   0.1900435072   -1.1069363716    2.0029361257
   1.2400435072   -1.1069363716    1.7215894737
  -0.3349564928   -0.1976096976    1.7215894737
  -0.3349564928   -2.0162630456    1.7215894737
  -0.3349564928   -0.1976096976   -1.9157172222
  -0.3349564928   -2.0162630456   -1.9157172222
   0.1900435072   -1.1069363716   -2.1970638743
   0.9236318826    0.0337596039    2.0459198660
  -0.1263681174    0.0337596039    1.7645732140
   1.4486318826   -0.8755670701    1.7645732140
   1.4486318826    0.9430862779   -1.8727334819
  -0.1263681174    0.0337596039   -1.8727334819
   0.9236318826    0.0337596039   -2.1540801340
   0.3420773352    1.3357807311    2.1822235401
   1.3920773352    1.3357807311    1.9008768880
  -0.1829226648    2.2451074051    1.9008768880
  -0.1829226648    0.4264540572    1.9008768880
   1.3920773352    1.3357807311   -1.7364298079
  -0.1829226648    2.2451074051   -1.7364298079
   0.3420773352    1.3357807311   -2.0177764599
   0.9460873596    2.3739047256    2.0859056565
   1.9260873596    2.3739047256    1.8233154479
   1.4360873596    3.2226096213    1.8233154479
   0.4560873596    3.2226096213    1.8233154479
   2.3193207273    3.3716171681    1.1059056565
   1.4706158316    3.9882373686    1.1059056565
   0.4215588876    3.9882373686    1.1059056565
   2.6434971510    3.3539047256    0.1259056565
   1.9260873596    4.0713145170    0.1259056565
   0.9460873596    4.3339047256    0.1259056565
   2.3193207273    3.3716171681   -0.8540943435
   1.4706158316    3.9882373686   -0.8540943435
   0.4215588876    3.9882373686   -0.8540943435
   1.9260873596    2.3739047256   -1.5715041350
   1.4360873596    3.2226096213   -1.5715041350
   0.4560873596    3.2226096213   -1.5715041350
   0.9460873596    2.3739047256   -1.8340943435
  -1.0492519504    1.2704856450    2.2614663379
  -0.5242519504    2.1798123190    1.9801196859
  -0.5242519504    0.3611589711    1.9801196859
  -0.5242519504    2.1798123190   -1.6571870100
  -2.0992519504    1.2704856450   -1.6571870100
  -0.5242519504    0.3611589711   -1.6571870100
  -1.0492519504    1.2704856450   -1.9385336621
  -1.8232614596    0.1149700135    2.2197017553
  -0.7732614596    0.1149700135    1.9383551032
  -2.3482614596   -0.7943566605    1.9383551032
  -0.7732614596    0.1149700135   -1.6989515927
  -2.3482614596    1.0242966874   -1.6989515927
  -1.8232614596    0.1149700135   -1.9802982447
  -3.0178707123    0.1732790710    2.1571974626
  -3.5078707123    1.0219839668    1.8946072540
  -3.9978707123    0.1732790710    1.8946072540
  -3.5078707123   -0.6754258247    1.8946072540
  -4.3911040799    1.1709915135    1.1771974626
  -4.7152805037    0.1732790710    1.1771974626
  -4.3911040799   -0.8244333714    1.1771974626
  -3.9978707123    1.8706888625    0.1971974626
  -4.7152805037    1.1532790710    0.1971974626
  -4.9778707123    0.1732790710    0.1971974626
  -4.7152805037   -0.8067209290    0.1971974626
  -3.9978707123   -1.5241307204    0.1971974626
  -4.3911040799    1.1709915135   -0.7828025374
  -4.7152805037    0.1732790710   -0.7828025374
  -4.3911040799   -0.8244333714   -0.7828025374
  -3.5078707123    1.0219839668   -1.5002123288
  -3.9978707123    0.1732790710   -1.5002123288
  -3.5078707123   -0.6754258247   -1.5002123288
  -3.0178707123    0.1732790710   -1.7628025374
  -1.1763358622   -1.0877534576    2.0874111436
  -0.6513358622   -1.9970801315    1.8060644915
  -0.6513358622   -0.1784267836   -1.8312422044
  -0.6513358622   -1.9970801315   -1.8312422044
  -1.1763358622   -1.0877534576   -2.1125888564
  -0.9293372096   -2.3043244861    1.7619333730
  -2.2381585667   -4.1044665652    0.9932800250
  -4.0183150262   -2.8068873811   -0.0567199750
  -3.5512097807   -3.6968820684   -0.0567199750
  -2.7240074724   -4.2678585957   -0.0567199750
  -0.9293372096   -2.3043244861   -1.8753733229
  -1.4543372096   -3.2136511600   -1.8753733229
  -0.7508221495    2.5189228559    2.1221332615
  -1.2758221495    3.4282495299    2.1221332615
  -2.0596435066    4.3190649351    1.3534799135
  -2.5454924123    4.4824569656    0.3034799135
  -3.3726947207    3.9114804382    0.3034799135
  -3.8397999661    2.0163599609    0.3034799135
  -2.0596435066    4.3190649351   -0.7465200865
  -0.7508221495    2.5189228559   -1.5151734344
  -1.2758221495    3.4282495299   -1.5151734344
   5.2796532899   -0.1668092595    1.0851141662
   4.5973219278   -1.1059578101    1.0851141662
   5.8899490135   -0.1668092595    0.2451141662
   5.5161406859    0.8602206797    0.2451141662
   4.5696247740   -1.7403104153    0.2451141662
   5.5161406859   -1.1938391988    0.2451141662
   5.8899490135   -0.1668092595   -0.7931829349
   5.5161406859    0.8602206797   -0.7931829349
   5.5161406859   -1.1938391988   -0.7931829349
   5.2796532899   -0.1668092595   -1.6331829349
   4.5973219278   -1.1059578101   -1.6331829349
   4.6028072222    2.1884346632   -0.4789503208
   3.6562913103    2.7349058797   -0.4789503208
   4.9766155498    1.1614047240   -1.5172474219
   4.6028072222    2.1884346632   -1.5172474219
   3.6562913103    2.7349058797   -1.5172474219
   2.5799531287    2.5451184180   -1.5172474219
   1.8774232747    1.7078759405   -1.5172474219
   4.3663198262    1.1614047240   -2.3572474219
   3.6839884642    2.1005532746   -2.3572474219
   2.5799531287    1.7418304487   -2.3572474219
   2.5799531287    0.5809789993   -2.3572474219
   3.6839884642    0.2222561735   -2.3572474219
   3.3788406024    1.1614047240   -2.6780988714
   3.4854127744    1.0261369592    2.4300393846
   4.4728919982    1.0261369592    2.1091879352
   3.7905606361    1.9652855098    2.1091879352
   2.6865253007    1.6065626839    2.1091879352
   2.6865253007    0.4457112345    2.1091879352
   3.7905606361    0.0869884087    2.1091879352
   5.0831877218    1.0261369592    1.2691879352
   4.7093793942    2.0531668985    1.2691879352
   3.7628634823    2.5996381150    1.2691879352
   2.6865253007    2.4098506532    1.2691879352
   3.7628634823    2.5996381150    0.2308908341
   4.0592071540   -2.2960491990    0.9951957665
   3.3768757919   -3.2351977496    0.9951957665
   4.6695028775   -2.2960491990    0.1551957665
   3.3491786381   -3.8695503548    0.1551957665
   4.2956945500   -3.3230791383    0.1551957665
   4.6695028775   -2.2960491990   -0.8831013346
   3.3491786381   -3.8695503548   -0.8831013346
   4.2956945500   -3.3230791383   -0.8831013346
   4.0592071540   -2.2960491990   -1.7231013346
   3.3768757919   -3.2351977496   -1.7231013346
  -0.3204997162   -3.1406452849    1.1978866064
  -1.0028310783   -4.0797938355    1.1978866064
  -2.1068664137   -4.5243589789    0.3578866064
  -1.0305282321   -4.7141464407    0.3578866064
  -0.0840123202   -4.1676752242    0.3578866064
  -2.1068664137   -4.5243589789   -0.6804104947
  -1.0305282321   -4.7141464407   -0.6804104947
  -0.0840123202   -4.1676752242   -0.6804104947
  -1.0028310783   -4.0797938355   -1.5204104947
  -2.5542761036   -2.4022049554    2.5332396107
  -1.5667968798   -2.4022049554    2.2123881613
  -2.2491282418   -1.4630564049    2.2123881613
  -3.3531635773   -1.8217792307    2.2123881613
  -3.3531635773   -2.9826306801    2.2123881613
  -2.2491282418   -3.3413535060    2.2123881613
  -4.0556934313   -1.8557337389    1.3723881613
  -4.0556934313   -2.9486761719    1.3723881613
  -3.3531635773   -3.7859186494    1.3723881613
  -2.2768253957   -3.9757061112    1.3723881613
  -4.0556934313   -1.8557337389    0.3340910602
  -4.0556934313   -2.9486761719    0.3340910602
  -4.1616653041   -1.7223713708   -0.3761946567
  -4.1616653041   -2.8153138038   -0.3761946567
  -3.4591354501   -0.8851288933   -1.4144917578
  -4.1616653041   -1.7223713708   -1.4144917578
  -4.1616653041   -2.8153138038   -1.4144917578
  -3.4591354501   -3.6525562812   -1.4144917578
  -1.6727687525   -2.2688425873   -2.2544917578
  -2.3551001146   -1.3296940367   -2.2544917578
  -3.4591354501   -1.6884168626   -2.2544917578
  -3.4591354501   -2.8492683120   -2.2544917578
  -2.3551001146   -3.2079911378   -2.2544917578
  -2.6602479764   -2.2688425873   -2.5753432072
  -2.3746297368    2.5006547934    2.8989253883
  -1.3871505129    2.5006547934    2.5780739388
  -2.0694818750    3.4398033440    2.5780739388
  -3.1735172105    3.0810805181    2.5780739388
  -3.1735172105    1.9202290687    2.5780739388
  -2.0694818750    1.5615062429    2.5780739388
  -2.0971790288    4.0741559492    1.7380739388
  -3.1735172105    3.8843684874    1.7380739388
  -3.8760470645    3.0471260099    1.7380739388
  -3.8760470645    1.9541835769    1.7380739388
  -3.8760470645    3.0471260099    0.6997768377
  -3.8760470645    1.9541835769    0.6997768377
  -3.2801642999    4.0186942078   -0.0086935146
  -3.9826941539    3.1814517304   -0.0086935146
  -3.9826941539    2.0885092974   -0.0086935146
  -2.2038261183    4.2084816696   -1.0469906157
  -3.2801642999    4.0186942078   -1.0469906157
  -3.9826941539    3.1814517304   -1.0469906157
  -3.9826941539    2.0885092974   -1.0469906157
  -1.4937976023    2.6349805139   -1.8869906157
  -2.1761289644    3.5741290644   -1.8869906157
  -3.2801642999    3.2154062386   -1.8869906157
  -3.2801642999    2.0545547891   -1.8869906157
  -2.1761289644    1.6958319633   -1.8869906157
  -2.4812768262    2.6349805139   -2.2078420651
  -0.1058018353    3.3286831894    1.6817831052
  -0.7881331974    4.2678317400    1.6817831052
   0.1306855607    4.3557131287    0.8417831052
  -0.8158303512    4.9021843452    0.8417831052
  -1.8921685328    4.7123968834    0.8417831052
   0.1306855607    4.3557131287   -0.1965139959
  -0.8158303512    4.9021843452   -0.1965139959
  -1.8921685328    4.7123968834   -0.1965139959
  -0.7881331974    4.2678317400   -1.0365139959
   3.9427467463   -0.4350643191    1.9903873143
   5.2984818172    0.4667460978    1.3244375558
   4.2015691444   -1.2400833376    1.3244375558
   5.5301975329    1.4819589808    0.3621122728
   4.8809445252    2.2960965015    0.3621122728
   5.5301975329    1.4819589808   -0.7059882102
   3.9427467463   -0.4350643191   -2.3342632516
   2.2402741749   -0.3760399490    2.2348352798
   1.7196136880    0.5257704679   -2.3274900031
   2.2402741749   -0.3760399490   -2.5651647202
   2.1866322834   -1.7005603990    2.1358984013
   3.2279532573   -1.7005603990    1.8982236842
   2.7072927703   -2.6023708159    1.8982236842
   4.0630278413   -1.7005603990    1.2322739257
   2.9661151685   -3.4073898344    1.2322739257
   3.2279532573   -1.7005603990   -2.4264268817
   2.7072927703   -2.6023708159   -2.4264268817
   2.1866322834   -1.7005603990   -2.6641015987
   0.9733240789   -2.1934928247    2.1713595841
   0.4526635919   -3.0953032416    1.9336848670
   1.4939845658   -3.0953032416    1.9336848670
   0.7062851485   -4.0507893814    1.2677351085
   1.7528069640   -3.9003222602    1.2677351085
   0.4526635919   -4.4746554662    0.3054098256
   1.4939845658   -4.4746554662    0.3054098256
   2.4321823448   -4.0228432284    0.3054098256
   0.4526635919   -4.4746554662   -0.7626906574
   1.4939845658   -4.4746554662   -0.7626906574
  -0.2554536933   -3.6115779690   -1.7250159404
   0.7062851485   -4.0507893814   -1.7250159404
   1.7528069640   -3.9003222602   -1.7250159404
  -0.0679968950   -2.1934928247   -2.3909656989
   0.4526635919   -3.0953032416   -2.3909656989
   1.4939845658   -3.0953032416   -2.3909656989
   0.9733240789   -2.1934928247   -2.6286404159
   0.1900435072   -1.1069363716    2.3029361257
   1.2313644811   -1.1069363716    2.0652614087
  -0.3306169797   -0.2051259547    2.0652614087
  -0.3306169797   -2.0087467885    2.0652614087
  -0.3306169797   -0.2051259547   -2.2593891573
  -0.3306169797   -2.0087467885   -2.2593891573
   0.1900435072   -1.1069363716   -2.4970638743
   0.9236318826    0.0337596039    2.3459198660
  -0.1176890913    0.0337596039    2.1082451490
   1.4442923695   -0.8680508130    2.1082451490
   1.4442923695    0.9355700208   -2.2164054169
  -0.1176890913    0.0337596039   -2.2164054169
   0.9236318826    0.0337596039   -2.4540801340
   0.3420773352    1.3357807311    2.4822235401
   1.3833983091    1.3357807311    2.2445488231
  -0.1785831517    2.2375911480    2.2445488231
  -0.1785831517    0.4339703143    2.2445488231
   1.3833983091    1.3357807311   -2.0801017429
  -0.1785831517    2.2375911480   -2.0801017429
   0.3420773352    1.3357807311   -2.3177764599
   0.9460873596    2.3739047256    2.3659056565
   1.9179869352    2.3739047256    2.1440759206
   1.4320371474    3.2155944480    2.1440759206
   0.4601375718    3.2155944480    2.1440759206
   2.3629208612    3.4032945196    1.5225228126
   1.4872696008    4.0394923999    1.5225228126
   0.4049051184    4.0394923999    1.5225228126
   2.8797803391    3.3887850914    0.6243525485
   2.1866490372    4.1711685960    0.6243525485
   1.2093200054    4.5418206073    0.6243525485
   2.8797803391    3.3887850914   -0.3725412356
   2.1866490372    4.1711685960   -0.3725412356
   1.2093200054    4.5418206073   -0.3725412356
   2.3629208612    3.4032945196   -1.2707114997
   1.4872696008    4.0394923999   -1.2707114997
   0.4049051184    4.0394923999   -1.2707114997
   1.9179869352    2.3739047256   -1.8922646076
   1.4320371474    3.2155944480   -1.8922646076
   0.4601375718    3.2155944480   -1.8922646076
   0.9460873596    2.3739047256   -2.1140943435
  -1.0492519504    1.2704856450    2.5614663379
  -0.5285914635    2.1722960619    2.3237916209
  -0.5285914635    0.3686752282    2.3237916209
  -0.5285914635    2.1722960619   -2.0008589450
  -2.0905729243    1.2704856450   -2.0008589450
  -0.5285914635    0.3686752282   -2.0008589450
  -1.0492519504    1.2704856450   -2.2385336621
  -1.8232614596    0.1149700135    2.5197017553
  -0.7819404857    0.1149700135    2.2820270383
  -2.3439219466   -0.7868404034    2.2820270383
  -2.3439219466    1.0167804303   -2.0426235277
  -2.8645824335    0.1149700135   -2.0426235277
  -1.8232614596    0.1149700135   -2.2802982447
  -3.0178707123    0.1732790710    2.4371974626
  -3.5038205001    1.0149687935    2.2153677267
  -3.9897702879    0.1732790710    2.2153677267
  -3.5038205001   -0.6684106514    2.2153677267
  -4.4347042138    1.2026688650    1.5938146187
  -4.7691732330    0.1732790710    1.5938146187
  -4.4347042138   -0.8561107229    1.5938146187
  -4.6524973192    1.6214318778    0.6956443546
  -5.1382508570    0.6959058379    0.6956443546
  -5.1382508570   -0.3493476959    0.6956443546
  -4.6524973192   -1.2748737357    0.6956443546
  -4.6524973192    1.6214318778   -0.3012494295
  -5.1382508570    0.6959058379   -0.3012494295
  -5.1382508570   -0.3493476959   -0.3012494295
  -4.6524973192   -1.2748737357   -0.3012494295
  -4.4347042138    1.2026688650   -1.1994196936
  -4.7691732330    0.1732790710   -1.1994196936
  -4.4347042138   -0.8561107229   -1.1994196936
  -3.5038205001    1.0149687935   -1.8209728015
  -3.9897702879    0.1732790710   -1.8209728015
  -3.5038205001   -0.6684106514   -1.8209728015
  -3.0178707123    0.1732790710   -2.0428025374
  -1.1763358622   -1.0877534576    2.3874111436
  -0.6556753752   -1.9895638744    2.1497364266
  -0.6556753752   -0.1859430407   -2.1749141394
  -0.6556753752   -1.9895638744   -2.1749141394
  -1.1763358622   -1.0877534576   -2.4125888564
  -0.9380162357   -2.3043244861    2.1056053080
  -3.4381954755   -4.1336748898    0.4773302665
  -2.4999976965   -4.5854871275    0.4773302665
  -3.4381954755   -4.1336748898   -0.5907702165
  -2.4999976965   -4.5854871275   -0.5907702165
  -2.2463761400   -4.1616210427   -1.5530954994
  -0.9380162357   -2.3043244861   -2.2190452579
  -1.4586767226   -3.2061349029   -2.2190452579
  -0.7595011756    2.5189228559    2.4658051965
  -2.0678610799    4.3762194126    1.7998554380
  -2.3214826365    4.8000854974    0.8375301550
  -3.2596804154    4.3482732596    0.8375301550
  -2.3214826365    4.8000854974   -0.2305703280
  -1.2801616626    3.4207332728   -1.8588453695
   5.2521740661   -0.1668092595    1.3887343909
   4.7721740661   -0.9981936472    1.3887343909
   5.9549428413   -0.1668092595    0.6859656156
   5.6373822630    0.8105417045    0.6859656156
   4.8059978754   -1.7481963384    0.6859656156
   5.6373822630   -1.1441602236    0.6859656156
   6.2121740661   -0.1668092595   -0.2740343844
   5.9549428413    0.7931907405   -0.2740343844
   5.2521740661   -1.8295780348   -0.2740343844
   5.9549428413   -1.1268092595   -0.2740343844
   5.9549428413   -0.1668092595   -1.2340343844
   5.6373822630    0.8105417045   -1.2340343844
   4.8059978754   -1.7481963384   -1.2340343844
   5.6373822630   -1.1441602236   -1.2340343844
   5.2521740661   -0.1668092595   -1.9368031596
   4.7721740661   -0.9981936472   -1.9368031596
   5.0416093777    2.1214047240   -0.9980988714
   4.3388406024    2.8241734993   -0.9980988714
   3.3788406024    3.0814047240   -0.9980988714
   5.0416093777    1.1614047240   -1.9580988714
   4.7240487993    2.1387556881   -1.9580988714
   3.8926644117    2.7427918028   -1.9580988714
   2.8650167931    2.7427918028   -1.9580988714
   2.0336324055    2.1387556881   -1.9580988714
   4.3388406024    1.1614047240   -2.6608676466
   3.8588406024    1.9927891116   -2.6608676466
   2.8988406024    1.9927891116   -2.6608676466
   2.4188406024    1.1614047240   -2.6608676466
   2.8988406024    0.3300203364   -2.6608676466
   3.8588406024    0.3300203364   -2.6608676466
   3.3788406024    1.1614047240   -2.9180988714
   3.4854127744    1.0261369592    2.6700393846
   4.4454127744    1.0261369592    2.4128081599
   3.9654127744    1.8575213469    2.4128081599
   3.0054127744    1.8575213469    2.4128081599
   2.5254127744    1.0261369592    2.4128081599
   3.0054127744    0.1947525716    2.4128081599
   3.9654127744    0.1947525716    2.4128081599
   5.1481815497    1.0261369592    1.7100393846
   4.8306209713    2.0034879233    1.7100393846
   3.9992365837    2.6075240380    1.7100393846
   2.9715889651    2.6075240380    1.7100393846
   5.1481815497    1.9861369592    0.7500393846
   4.4454127744    2.6889057345    0.7500393846
   3.4854127744    2.9461369592    0.7500393846
   4.0317279302   -2.2960491990    1.2988159912
   3.5517279302   -3.1274335867    1.2988159912
   4.7344967054   -2.2960491990    0.5960472159
   3.5855517394   -3.8774362778    0.5960472159
   4.4169361271   -3.2734001631    0.5960472159
   4.9917279302   -2.2960491990   -0.3639527841
   3.0717279302   -4.2160491990   -0.3639527841
   4.0317279302   -3.9588179743   -0.3639527841
   4.7344967054   -3.2560491990   -0.3639527841
   4.7344967054   -2.2960491990   -1.3239527841
   2.5579041209   -3.8774362778   -1.3239527841
   3.5855517394   -3.8774362778   -1.3239527841
   4.4169361271   -3.2734001631   -1.3239527841
   4.0317279302   -2.2960491990   -2.0267215594
   3.5517279302   -3.1274335867   -2.0267215594
  -0.8279789400   -3.9720296726    1.5015068311
  -1.8218027493   -4.7220323637    0.7987380559
  -0.7941551308   -4.7220323637    0.7987380559
  -2.2679789400   -4.8034140602   -0.1612619441
  -1.3079789400   -5.0606452849   -0.1612619441
  -0.3479789400   -4.8034140602   -0.1612619441
  -1.8218027493   -4.7220323637   -1.1212619441
  -0.7941551308   -4.7220323637   -1.1212619441
  -1.7879789400   -3.9720296726   -1.8240307194
  -0.8279789400   -3.9720296726   -1.8240307194
  -2.5542761036   -2.4022049554    2.7732396107
  -1.5942761036   -2.4022049554    2.5160083860
  -2.0742761036   -1.5708205678    2.5160083860
  -3.0342761036   -1.5708205678    2.5160083860
  -3.5142761036   -2.4022049554    2.5160083860
  -3.0342761036   -3.2335893430    2.5160083860
  -2.0742761036   -3.2335893430    2.5160083860
  -3.8994843005   -1.4248539913    1.8132396107
  -4.2170448789   -2.4022049554    1.8132396107
  -3.8994843005   -3.3795559195    1.8132396107
  -3.0680999129   -3.9835920342    1.8132396107
  -2.0404522943   -3.9835920342    1.8132396107
  -4.4742761036   -2.4022049554    0.8532396107
  -4.2170448789   -3.3622049554    0.8532396107
  -3.5142761036   -4.0649737307    0.8532396107
  -4.3230167517   -1.3088425873   -0.8953432072
  -4.5802479764   -2.2688425873   -0.8953432072
  -4.3230167517   -3.2288425873   -0.8953432072
  -3.6202479764   -3.9316113625   -0.8953432072
  -4.0054561733   -1.2914916232   -1.8553432072
  -4.3230167517   -2.2688425873   -1.8553432072
  -4.0054561733   -3.2461935514   -1.8553432072
  -3.1740717857   -3.8502296661   -1.8553432072
  -1.7002479764   -2.2688425873   -2.5581119825
  -2.1802479764   -1.4374581996   -2.5581119825
  -3.1402479764   -1.4374581996   -2.5581119825
  -3.6202479764   -2.2688425873   -2.5581119825
  -3.1402479764   -3.1002269749   -2.5581119825
  -2.1802479764   -3.1002269749   -2.5581119825
  -2.6602479764   -2.2688425873   -2.8153432072
  -2.3746297368    2.5006547934    3.1389253883
  -1.4146297368    2.5006547934    2.8816941635
  -1.8946297368    3.3320391810    2.8816941635
  -2.8546297368    3.3320391810    2.8816941635
  -3.3346297368    2.5006547934    2.8816941635
  -2.8546297368    1.6692704058    2.8816941635
  -1.8946297368    1.6692704058    2.8816941635
  -1.8608059275    4.0820418722    2.1789253883
  -2.8884535460    4.0820418722    2.1789253883
  -3.7198379337    3.4780057575    2.1789253883
  -4.0373985120    2.5006547934    2.1789253883
  -3.7198379337    1.5233038293    2.1789253883
  -3.3346297368    4.1634235687    1.2189253883
  -4.0373985120    3.4606547934    1.2189253883
  -4.2946297368    2.5006547934    1.2189253883
  -3.4412768262    4.2977492891   -0.5278420651
  -4.1440456015    3.5949805139   -0.5278420651
  -4.4012768262    2.6349805139   -0.5278420651
  -1.9674530169    4.2163675927   -1.4878420651
  -2.9951006355    4.2163675927   -1.4878420651
  -3.8264850231    3.6123314779   -1.4878420651
  -4.1440456015    2.6349805139   -1.4878420651
  -3.8264850231    1.6576295498   -1.4878420651
  -1.5212768262    2.6349805139   -2.1906108404
  -2.0012768262    3.4663649015   -2.1906108404
  -2.9612768262    3.4663649015   -2.1906108404
  -3.4412768262    2.6349805139   -2.1906108404
  -2.9612768262    1.8035961262   -2.1906108404
  -2.0012768262    1.8035961262   -2.1906108404
  -2.4812768262    2.6349805139   -2.4478420651
  -0.1332810591    3.3286831894    1.9854033300
  -0.6132810591    4.1600675771    1.9854033300
   0.2519271378    4.3060341535    1.2826345547
  -0.5794572499    4.9100702683    1.2826345547
  -1.6071048684    4.9100702683    1.2826345547
  -0.1332810591    4.9914519647    0.3226345547
  -1.0932810591    5.2486831894    0.3226345547
  -2.0532810591    4.9914519647    0.3226345547
  -0.5794572499    4.9100702683   -0.6373654453
  -1.6071048684    4.9100702683   -0.6373654453
  -0.6132810591    4.1600675771   -1.3401342206
   3.9387088930   -0.4280705521    2.3225367691
   5.3312745685    0.4667460978    1.7372503405
   4.2151917456   -1.2699126734    1.7372503405
   5.0281976693   -0.5654390303    1.7372503405
   5.6695303398    1.5490581242    0.8613072987
   5.9165609971    1.4999913652   -0.1719379687
   5.3312745685    2.3759344070   -0.1719379687
   4.4553315267    2.9612208356   -0.1719379687
   3.4220862593    3.1667460978   -0.1719379687
   5.6695303398    1.5490581242   -1.2051832360
   5.3312745685    0.4667460978   -2.0811262779
   3.9387088930   -0.4280705521   -2.6664127064
   2.2402741749   -0.3760399490    2.5348352798
   1.7236515412    0.5187767009   -2.6596394580
   2.2402741749   -0.3760399490   -2.8651647202
   2.1866322834   -1.7005603990    2.4358984013
   3.2198775508   -1.7005603990    2.2303731390
   2.7032549171   -2.5953770489    2.2303731390
   4.0958205926   -1.7005603990    1.6450867105
   2.9797377697   -3.4372191702    1.6450867105
   3.7927436933   -2.7327455272    1.6450867105
   2.7417051318   -4.1324934471    0.7691436686
   4.0958205926   -1.7005603990   -2.1732899079
   3.2198775508   -1.7005603990   -2.7585763365
   2.7032549171   -2.5953770489   -2.7585763365
   2.1866322834   -1.7005603990   -2.9641015987
   0.9733240789   -2.1934928247    2.4713595841
   0.4567014452   -3.0883094746    2.2658343218
   1.4899467126   -3.0883094746    2.2658343218
  -0.2769283785   -3.6363610768    1.6805478933
   0.7016182534   -4.0832483498    1.6805478933
   1.7664295652   -3.9301515959    1.6805478933
   0.4182512305   -4.6254258728    0.8046048514
   1.5283969273   -4.6254258728    0.8046048514
   0.9733240789   -4.8934928247   -0.2286404159
   2.0065693463   -4.6879675625   -0.2286404159
   0.4182512305   -4.6254258728   -1.2618856833
   1.5283969273   -4.6254258728   -1.2618856833
  -0.2769283785   -3.6363610768   -2.1378287251
   0.7016182534   -4.0832483498   -2.1378287251
   1.7664295652   -3.9301515959   -2.1378287251
  -0.0599211885   -2.1934928247   -2.7231151537
   0.4567014452   -3.0883094746   -2.7231151537
   1.4899467126   -3.0883094746   -2.7231151537
   0.9733240789   -2.1934928247   -2.9286404159
   0.1900435072   -1.1069363716    2.6029361257
   1.2232887746   -1.1069363716    2.3974108635
  -0.3265791265   -0.2121197217    2.3974108635
  -0.3265791265   -2.0017530215    2.3974108635
  -0.3265791265   -0.2121197217   -2.5915386121
  -0.3265791265   -2.0017530215   -2.5915386121
   0.1900435072   -1.1069363716   -2.7970638743
   0.9236318826    0.0337596039    2.6459198660
  -0.1096133848    0.0337596039    2.4403946038
   1.4402545163   -0.8610570460    2.4403946038
   1.4402545163    0.9285762538   -2.5485548718
  -0.1096133848    0.0337596039   -2.5485548718
   0.9236318826    0.0337596039   -2.7540801340
   0.3420773352    1.3357807311    2.7822235401
   1.3753226026    1.3357807311    2.5766982779
  -0.1745452985    2.2305973810    2.5766982779
   1.3753226026    1.3357807311   -2.4122511977
   0.8586999689    2.2305973810   -2.4122511977
  -0.1745452985    2.2305973810   -2.4122511977
   0.3420773352    1.3357807311   -2.6177764599
   0.9460873596    2.3739047256    2.6459056565
   2.0394743822    2.3739047256    2.3963472036
   1.4927808709    3.3208056633    2.3963472036
   0.3993938483    3.3208056633    2.3963472036
   2.6035379713    3.4390835553    1.6970999571
   1.7645443889    4.1660756328    1.6970999571
   0.6656964827    4.3240661101    1.6970999571
   3.1596041969    3.4398782527    0.6866584100
   2.4778885388    4.2947226495    0.6866584100
   1.4927808709    4.7691254992    0.6866584100
   3.1596041969    3.4398782527   -0.4348470971
   2.4778885388    4.2947226495   -0.4348470971
   1.4927808709    4.7691254992   -0.4348470971
   0.3993938483    4.7691254992   -0.4348470971
   2.6035379713    3.4390835553   -1.4452886442
   1.7645443889    4.1660756328   -1.4452886442
   0.6656964827    4.3240661101   -1.4452886442
   1.4927808709    3.3208056633   -2.1445358907
   0.3993938483    3.3208056633   -2.1445358907
   0.9460873596    2.3739047256   -2.3940943435
  -1.0492519504    1.2704856450    2.8614663379
  -0.5326293168    0.3756689951    2.6559410757
  -2.0824972178    1.2704856450   -2.3330083998
  -0.5326293168    0.3756689951   -2.3330083998
  -1.0492519504    1.2704856450   -2.5385336621
  -1.8232614596    0.1149700135    2.8197017553
  -0.7900161922    0.1149700135    2.6141764931
  -2.3398840933   -0.7798466364    2.6141764931
  -2.3398840933    1.0097866634   -2.3747729825
  -2.8565067270    0.1149700135   -2.3747729825
  -1.8232614596    0.1149700135   -2.5802982447
  -3.0178707123    0.1732790710    2.7171974626
  -3.5645642236    1.1201800088    2.4676390097
  -4.1112577348    0.1732790710    2.4676390097
  -3.5645642236   -0.7736218667    2.4676390097
  -4.3080873731    1.6622684725    1.7683917633
  -4.9082784835    0.7283528751    1.7683917633
  -4.9082784835   -0.3817947330    1.7683917633
  -4.3080873731   -1.3157103304    1.7683917633
  -4.5496718915    2.0940969949    0.7579502161
  -5.2313875495    1.2392525982    0.7579502161
  -5.4746890510    0.1732790710    0.7579502161
  -5.2313875495   -0.8926944561    0.7579502161
  -5.2313875495    1.2392525982   -0.3635552910
  -5.4746890510    0.1732790710   -0.3635552910
  -5.2313875495   -0.8926944561   -0.3635552910
  -4.3080873731    1.6622684725   -1.3739968381
  -4.9082784835    0.7283528751   -1.3739968381
  -4.9082784835   -0.3817947330   -1.3739968381
  -3.5645642236    1.1201800088   -2.0732440845
  -4.1112577348    0.1732790710   -2.0732440845
  -3.0178707123    0.1732790710   -2.3228025374
  -1.1763358622   -1.0877534576    2.6874111436
  -0.6597132285   -1.9825701074    2.4818858814
  -0.6597132285   -0.1929368077   -2.5070635942
  -0.6597132285   -1.9825701074   -2.5070635942
  -1.1763358622   -1.0877534576   -2.7125888564
  -0.9460919422   -2.3043244861    2.4377547628
  -1.1862317233   -4.0409832573    1.8524683342
  -0.3732257996   -3.3365096142    1.8524683342
  -2.5344100580   -4.7362575342    0.9765252924
  -4.6793372096   -2.3043244861   -0.0567199750
  -4.4738119474   -3.3375697534   -0.0567199750
  -3.8885255188   -4.2135127953   -0.0567199750
  -3.0125824770   -4.7987992238   -0.0567199750
  -3.5346167696   -4.2545833683   -1.0899652423
  -2.5344100580   -4.7362575342   -1.0899652423
  -2.2510430350   -4.1940800111   -1.9659082842
  -0.9460919422   -2.3043244861   -2.5511947127
  -1.4627145759   -3.1991411360   -2.5511947127
  -0.7675768821    2.5189228559    2.7979546513
  -2.0725279750    4.4086783810    2.2126682227
  -2.3558949979    4.9508559040    1.3367251809
  -3.3561017095    4.4691817381    1.3367251809
  -2.8340674169    5.0133975937    0.3034799135
  -3.7100104587    4.4281111651    0.3034799135
  -4.2952968873    3.5521681233    0.3034799135
  -4.5008221495    2.5189228559    0.3034799135
  -2.3558949979    4.9508559040   -0.7297653539
  -1.2841995158    3.4137395058   -2.1909948243
   5.3721740661   -0.1668092595    1.5965804878
   4.8321740661   -1.1021166956    1.5965804878
   6.1627889383   -0.1668092595    0.8059656156
   5.0692555675   -1.8683803983    0.8059656156
   5.8658354359   -1.1781400132    0.8059656156
   6.4521740661   -0.1668092595   -0.2740343844
   6.2047590815    0.8369927921   -0.2740343844
   5.5191939190   -1.9444544099   -0.2740343844
   6.2047590815   -1.1706113112   -0.2740343844
   6.1627889383   -0.1668092595   -1.3540343844
   5.8658354359    0.8445214941   -1.3540343844
   5.0692555675   -1.8683803983   -1.3540343844
   5.8658354359   -1.1781400132   -1.3540343844
   5.3721740661   -0.1668092595   -2.1446492565
   4.8321740661   -1.1021166956   -2.1446492565
   4.6058604553    2.9390498743   -0.9980988714
   3.6391998317    3.3056558921   -0.9980988714
   5.2494554746    1.1614047240   -2.0780988714
   4.9525019722    2.1727354776   -2.0780988714
   4.1559221038    2.8629758627   -2.0780988714
   3.1126243494    3.0129794340   -2.0780988714
   2.1538483743    2.5751211174   -2.0780988714
   4.4588406024    1.1614047240   -2.8687137435
   3.9188406024    2.0967121601   -2.8687137435
   2.8388406024    2.0967121601   -2.8687137435
   2.2988406024    1.1614047240   -2.8687137435
   2.8388406024    0.2260972879   -2.8687137435
   3.9188406024    0.2260972879   -2.8687137435
   3.3788406024    1.1614047240   -3.1580988714
   3.4854127744    1.0261369592    2.9100393846
   4.5654127744    1.0261369592    2.6206542568
   4.0254127744    1.9614443953    2.6206542568
   2.9454127744    1.9614443953    2.6206542568
   2.4054127744    1.0261369592    2.6206542568
   2.9454127744    0.0908295231    2.6206542568
   4.0254127744    0.0908295231    2.6206542568
   5.3560276466    1.0261369592    1.8300393846
   5.0590741442    2.0374677129    1.8300393846
   4.2624942758    2.7277080979    1.8300393846
   3.2191965214    2.8777116692    1.8300393846
   4.7124326273    2.8037821096    0.7500393846
   3.7457720037    3.1703881273    0.7500393846
   4.1517279302   -2.2960491990    1.5066620881
   3.6117279302   -3.2313566351    1.5066620881
   4.9423428023   -2.2960491990    0.7160472159
   2.8055116772   -4.1476239090    0.7160472159
   3.8488094316   -3.9976203377    0.7160472159
   4.6453893000   -3.3073799527    0.7160472159
   5.2317279302   -2.2960491990   -0.3639527841
   3.3320871595   -4.4403003671   -0.3639527841
   4.2987477831   -4.0736943494   -0.3639527841
   4.9843129456   -3.2998512506   -0.3639527841
   4.9423428023   -2.2960491990   -1.4439527841
   2.8055116772   -4.1476239090   -1.4439527841
   3.8488094316   -3.9976203377   -1.4439527841
   4.6453893000   -3.3073799527   -1.4439527841
   4.1517279302   -2.2960491990   -2.2345676563
   3.6117279302   -3.2313566351   -2.2345676563
  -0.7679789400   -4.0759527210    1.7093529280
  -1.5741951930   -4.9922199949    0.9187380559
  -0.5308974386   -4.8422164237    0.9187380559
  -2.0739254960   -5.1602803691   -0.1612619441
  -1.0476197107   -5.2848964530   -0.1612619441
  -0.0809590871   -4.9182904353   -0.1612619441
  -1.5741951930   -4.9922199949   -1.2412619441
  -0.5308974386   -4.8422164237   -1.2412619441
  -0.7679789400   -4.0759527210   -2.0318768163
  -2.5542761036   -2.4022049554    3.0132396107
  -1.4742761036   -2.4022049554    2.7238544829
  -2.0142761036   -1.4668975193    2.7238544829
  -3.0942761036   -1.4668975193    2.7238544829
  -3.6342761036   -2.4022049554    2.7238544829
  -3.0942761036   -3.3375123915    2.7238544829
  -2.0142761036   -3.3375123915    2.7238544829
  -4.3491179298   -1.8751918446    1.9332396107
  -4.3491179298   -2.9292180662    1.9332396107
  -3.7792683317   -3.8159213488    1.9332396107
  -2.8204923566   -4.2537796654    1.9332396107
  -4.6515104292   -1.8852831205    0.8532396107
  -4.6515104292   -2.9191267903    0.8532396107
  -4.1710593197   -3.8345498972    0.8532396107
  -4.7574823020   -1.7519207524   -0.8953432072
  -4.7574823020   -2.7857644221   -0.8953432072
  -4.2770311924   -3.7011875291   -0.8953432072
  -3.8852402045   -0.8551261939   -1.9753432072
  -4.4550898026   -1.7418294765   -1.9753432072
  -4.4550898026   -2.7958556981   -1.9753432072
  -3.8852402045   -3.6825589807   -1.9753432072
  -2.9264642294   -4.1204172973   -1.9753432072
  -1.5802479764   -2.2688425873   -2.7659580794
  -2.1202479764   -1.3335351512   -2.7659580794
  -3.2002479764   -1.3335351512   -2.7659580794
  -3.7402479764   -2.2688425873   -2.7659580794
  -3.2002479764   -3.2041500234   -2.7659580794
  -2.1202479764   -3.2041500234   -2.7659580794
  -2.6602479764   -2.2688425873   -3.0553432072
  -2.3746297368    2.5006547934    3.3789253883
  -1.2946297368    2.5006547934    3.0895402604
  -1.8346297368    3.4359622295    3.0895402604
  -2.9146297368    3.4359622295    3.0895402604
  -3.4546297368    2.5006547934    3.0895402604
  -2.9146297368    1.5653473573    3.0895402604
  -1.8346297368    1.5653473573    3.0895402604
  -2.6408459898    4.3522295034    2.2989253883
  -3.5996219649    3.9143711868    2.2989253883
  -4.1694715630    3.0276679042    2.2989253883
  -4.1694715630    1.9736416826    2.2989253883
  -3.9914129528    3.9329997352    1.2189253883
  -4.4718640624    3.0175766283    1.2189253883
  -4.4718640624    1.9837329585    1.2189253883
  -3.2472233822    4.6546155981   -0.5278420651
  -4.0980600422    4.0673254557   -0.5278420651
  -4.5785111518    3.1519023487   -0.5278420651
  -4.5785111518    2.1180586790   -0.5278420651
  -2.7474930792    4.4865552238   -1.6078420651
  -3.7062690543    4.0486969073   -1.6078420651
  -4.2761186524    3.1619936247   -1.6078420651
  -4.2761186524    2.1079674031   -1.6078420651
  -1.4012768262    2.6349805139   -2.3984569373
  -1.9412768262    3.5702879499   -2.3984569373
  -3.0212768262    3.5702879499   -2.3984569373
  -3.5612768262    2.6349805139   -2.3984569373
  -3.0212768262    1.6996730778   -2.3984569373
  -1.9412768262    1.6996730778   -2.3984569373
  -2.4812768262    2.6349805139   -2.6878420651
  -0.5532810591    4.2639906255    2.1932494269
  -0.3161995577    5.0302543282    1.4026345547
  -1.3594973121    5.1802578994    1.4026345547
   0.1337387938    5.1063283398    0.3226345547
  -0.8329218298    5.4729343575    0.3226345547
  -1.8592276151    5.3483182736    0.3226345547
  -0.3161995577    5.0302543282   -0.7573654453
  -1.3594973121    5.1802578994   -0.7573654453
  -0.5532810591    4.2639906255   -1.5479803175
   3.9351164743   -0.4218483004    2.6471398937
   4.2231571290   -1.2873544301    2.1261953607
   5.0443283018   -0.5758055584    2.1261953607
   6.0201624707    0.4667460978    1.3280620313
   5.7955469808    1.5234788945    1.3280620313
   6.1770039023    1.5340068785    0.3490065643
   5.6054313930    2.4571281769    0.3490065643
   4.7389860251    3.1114373464    0.3490065643
   3.6946860466    3.4085663081    0.3490065643
   6.1770039023    1.5340068785   -0.6928825017
   5.6054313930    2.4571281769   -0.6928825017
   5.7955469808    1.5234788945   -1.6719379687
   5.3504490884    0.4667460978   -2.4700712980
   4.2231571290   -1.2873544301   -2.4700712980
   3.9351164743   -0.4218483004   -2.9910158310
   2.2402741749   -0.3760399490    2.8348352798
   2.7533043899   -1.2646343471    2.6539131422
   1.7272439599    0.5125544492   -2.9842425825
   2.2402741749   -0.3760399490   -3.1651647202
   2.1866322834   -1.7005603990    2.7358984013
   3.2126927134   -1.7005603990    2.5549762636
   2.6996624984   -2.5891547972    2.5549762636
   4.1149951124   -1.7005603990    2.0340317306
   2.9877031531   -3.4546609270    2.0340317306
   3.8088743259   -2.7431120553    2.0340317306
   2.9894819854   -4.1714777097    1.2358984013
   4.1149951124   -1.7005603990   -2.5622349281
   2.9877031531   -3.4546609270   -2.5622349281
   3.2126927134   -1.7005603990   -3.0831794611
   1.6736020684   -0.8119660008   -3.0831794611
   2.6996624984   -2.5891547972   -3.0831794611
   2.1866322834   -1.7005603990   -3.2641015987
   0.9733240789   -2.1934928247    2.7713595841
   0.4602938639   -3.0820872229    2.5904374464
   1.4863542939   -3.0820872229    2.5904374464
  -0.2894850187   -3.6508522120    2.0694929134
   0.6988894347   -4.1022277007    2.0694929134
   1.7743949486   -3.9475933527    2.0694929134
   0.7017511651   -4.7773365028    1.2713595841
   1.7761737809   -4.6644101354    1.2713595841
   0.1648077759   -5.0351328761    0.2923041171
   1.2459238662   -5.1353130350    0.2923041171
   2.2902238446   -4.8381840734    0.2923041171
   0.1648077759   -5.0351328761   -0.7495849489
   1.2459238662   -5.1353130350   -0.7495849489
   2.2902238446   -4.8381840734   -0.7495849489
   0.7017511651   -4.7773365028   -1.7286404159
   1.7761737809   -4.6644101354   -1.7286404159
  -0.2894850187   -3.6508522120   -2.5267737453
   0.6988894347   -4.1022277007   -2.5267737453
   1.7743949486   -3.9475933527   -2.5267737453
  -0.0527363511   -2.1934928247   -3.0477182783
   0.4602938639   -3.0820872229   -3.0477182783
   1.4863542939   -3.0820872229   -3.0477182783
   0.9733240789   -2.1934928247   -3.2286404159
   0.1900435072   -1.1069363716    2.9029361257
   1.2161039372   -1.1069363716    2.7220139881
  -0.3229867078   -1.9955307698    2.7220139881
  -0.3229867078   -0.2183419734   -2.9161417367
   0.1900435072   -1.1069363716   -3.0970638743
   0.9236318826    0.0337596039    2.9459198660
  -0.1024285474    0.0337596039    2.7649977284
   1.4366620976   -0.8548347943    2.7649977284
   1.4366620976    0.9223540021   -2.8731579963
  -0.1024285474    0.0337596039   -2.8731579963
   0.9236318826    0.0337596039   -3.0540801340
   0.3420773352    1.3357807311    3.0822235401
   1.3681377652    1.3357807311    2.9013014025
  -0.1709528798    2.2243751293    2.9013014025
   1.3681377652    1.3357807311   -2.7368543223
   0.8551075502    2.2243751293   -2.7368543223
  -0.1709528798    2.2243751293   -2.7368543223
   0.3420773352    1.3357807311   -2.9177764599
   0.9460873596    2.3739047256    2.9259056565
   2.0176009702    2.3739047256    2.7127683475
   1.4818441649    3.3018627329    2.7127683475
   0.4103305543    3.3018627329    2.7127683475
   2.6607301795    3.3638542193    2.1058046438
   1.9360368533    4.0885475456    2.1058046438
   0.9460873596    4.3538037129    2.1058046438
   3.3093040205    3.4260765727    1.1974192671
   2.6770363606    4.2963183487    1.1974192671
   1.7454718932    4.8341573447    1.1974192671
   0.6756865778    4.9465963121    1.1974192671
   3.0153123278    4.2602525278    0.1259056565
   2.1941547558    4.8803619414    0.1259056565
   1.2044387661    5.1619604192    0.1259056565
   2.6770363606    4.2963183487   -0.9456079542
   1.7454718932    4.8341573447   -0.9456079542
   0.6756865778    4.9465963121   -0.9456079542
   2.6607301795    3.3638542193   -1.8539933309
   1.9360368533    4.0885475456   -1.8539933309
   0.9460873596    4.3538037129   -1.8539933309
  -0.0438621341    4.0885475456   -1.8539933309
   1.4818441649    3.3018627329   -2.4609570346
   0.4103305543    3.3018627329   -2.4609570346
   0.9460873596    2.3739047256   -2.6740943435
  -1.0492519504    1.2704856450    3.1614663379
  -0.5362217355    0.3818912469    2.9805442003
  -2.0753123804    1.2704856450   -2.6576115244
  -0.5362217355    0.3818912469   -2.6576115244
  -1.0492519504    1.2704856450   -2.8385336621
  -1.8232614596    0.1149700135    3.1197017553
  -0.7972010296    0.1149700135    2.9387796177
  -2.3362916746   -0.7736243847    2.9387796177
  -2.3362916746    1.0035644116   -2.6993761071
  -2.8493218896    0.1149700135   -2.6993761071
  -1.8232614596    0.1149700135   -2.8802982447
  -3.0178707123    0.1732790710    2.9971974626
  -3.5536275176    1.1012370783    2.7840601536
  -4.0893843229    0.1732790710    2.7840601536
  -3.5536275176   -0.7546789363    2.7840601536
  -4.7325135322    1.1632285647    2.1770964499
  -4.9977696996    0.1732790710    2.1770964499
  -4.7325135322   -0.8166704226    2.1770964499
  -5.1106865914    1.6937988105    1.2687110732
  -5.5482042469    0.7111180670    1.2687110732
  -5.5482042469   -0.3645599250    1.2687110732
  -5.1106865914   -1.3472406685    1.2687110732
  -5.3984786923    1.6472891271    0.1971974626
  -5.7701953914    0.6877777209    0.1971974626
  -5.7701953914   -0.3412195788    0.1971974626
  -5.3984786923   -1.3007309850    0.1971974626
  -5.1106865914    1.6937988105   -0.8743161481
  -5.5482042469    0.7111180670   -0.8743161481
  -5.5482042469   -0.3645599250   -0.8743161481
  -5.1106865914   -1.3472406685   -0.8743161481
  -4.7325135322    1.1632285647   -1.7827015248
  -4.9977696996    0.1732790710   -1.7827015248
  -4.7325135322   -0.8166704226   -1.7827015248
  -3.5536275176    1.1012370783   -2.3896652285
  -4.0893843229    0.1732790710   -2.3896652285
  -1.1763358622   -1.0877534576    2.9874111436
  -0.6633056472   -1.9763478557    2.8064890060
  -0.6633056472   -0.1991590594   -2.8316667188
  -1.1763358622   -1.0877534576   -3.0125888564
  -0.9532767796   -2.3043244861    2.7623578874
  -1.1782663399   -4.0584250140    2.2414133544
  -0.3570951671   -3.3468761423    2.2414133544
  -2.2509101234   -4.8881681641    1.4432800250
  -4.8834557983   -2.8471983353    0.4642245580
  -4.4912384906   -3.8596279124    0.4642245580
  -3.7597749960   -4.6620051435    0.4642245580
  -2.7878535126   -5.1459645374    0.4642245580
  -4.4912384906   -3.8596279124   -0.5776645080
  -3.7597749960   -4.6620051435   -0.5776645080
  -2.7878535126   -5.1459645374   -0.5776645080
  -3.2783753153   -4.5543244861   -1.5567199750
  -2.2509101234   -4.8881681641   -1.5567199750
  -2.2537718537   -4.2130593620   -2.3548533043
  -0.9532767796   -2.3043244861   -2.8757978373
  -1.4663069946   -3.1929188842   -2.8757978373
  -0.7747617196    2.5189228559    3.1225577759
  -0.1785801070    3.5614745122    2.6016132429
  -0.9997512798    4.2730233839    2.6016132429
  -2.0723950634    5.1027665339    1.8034799135
  -3.0998602552    4.7689228559    1.8034799135
  -2.6093384525    5.3605629073    0.8244244465
  -3.5812599360    4.8766035133    0.8244244465
  -4.3127234306    4.0742262822    0.8244244465
  -4.7049407382    3.0617967052    0.8244244465
  -2.6093384525    5.3605629073   -0.2174646195
  -3.5812599360    4.8766035133   -0.2174646195
  -2.0723950634    5.1027665339   -1.1965200865
  -0.9997512798    4.2730233839   -1.9946534158
  -1.2877919345    3.4075172541   -2.5155979488
   6.1685696240   -0.1668092595    1.2223411401
   5.0716569512   -1.8736386950    1.2223411401
   5.8706984582   -1.1812652879    1.2223411401
   6.6320010553   -0.1668092595    0.2600158571
   6.4002853397    0.8484036234    0.2600158571
   5.7510323320   -1.9961596633    0.2600158571
   6.4002853397   -1.1820221425    0.2600158571
   6.6320010553   -0.1668092595   -0.8080846259
   6.4002853397    0.8484036234   -0.8080846259
   5.7510323320   -1.9961596633   -0.8080846259
   6.4002853397   -1.1820221425   -0.8080846259
   6.1685696240   -0.1668092595   -1.7704099088
   5.0716569512   -1.8736386950   -1.7704099088
   5.8706984582   -1.1812652879   -1.7704099088
   5.3334950400   -0.1668092595   -2.4363596673
   4.8128345530   -1.0686196764   -2.4363596673
   3.8995010893    3.4425673655   -0.4640486299
   5.4869518760    2.1766176070   -1.5321491129
   4.8376988683    2.9907551277   -1.5321491129
   3.8995010893    3.4425673655   -1.5321491129
   5.2552361603    1.1614047240   -2.4944743958
   4.9573649945    2.1758607523   -2.4944743958
   4.1583234875    2.8682341594   -2.4944743958
   3.1118016720    3.0187012807   -2.4944743958
   2.1500628302    2.5794898682   -2.4944743958
   4.4201615763    1.1614047240   -3.1604241543
   3.8995010893    2.0632151409   -3.1604241543
   2.8581801155    2.0632151409   -3.1604241543
   2.3375196285    1.1614047240   -3.1604241543
   2.8581801155    0.2595943071   -3.1604241543
   3.8995010893    0.2595943071   -3.1604241543
   3.3788406024    1.1614047240   -3.3980988714
   3.4854127744    1.0261369592    3.1500393846
   4.5267337483    1.0261369592    2.9123646676
   4.0060732613    1.9279473761    2.9123646676
   2.9647522874    1.9279473761    2.9123646676
   2.4440918005    1.0261369592    2.9123646676
   2.9647522874    0.1243265423    2.9123646676
   4.0060732613    0.1243265423    2.9123646676
   5.3618083323    1.0261369592    2.2464149091
   5.0639371665    2.0405929875    2.2464149091
   4.2648956595    2.7329663946    2.2464149091
   3.2183738440    2.8834335159    2.2464149091
   5.5935240480    2.0413498422    1.2840896261
   4.9442710403    2.8554873629    1.2840896261
   4.0060732613    3.3072996007    1.2840896261
   4.9481234881   -2.2960491990    1.1324227404
   3.8512108153   -4.0028786345    1.1324227404
   4.6502523223   -3.3105052273    1.1324227404
   5.4115549194   -2.2960491990    0.1700974574
   3.5923884171   -4.5772118405    0.1700974574
   4.5305861961   -4.1253996027    0.1700974574
   5.1798392038   -3.3112620820    0.1700974574
   5.4115549194   -2.2960491990   -0.8980030256
   3.5923884171   -4.5772118405   -0.8980030256
   4.5305861961   -4.1253996027   -0.8980030256
   5.1798392038   -3.3112620820   -0.8980030256
   4.9481234881   -2.2960491990   -1.8603283086
   3.8512108153   -4.0028786345   -1.8603283086
   4.6502523223   -3.3105052273   -1.8603283086
   4.1130489041   -2.2960491990   -2.5262780671
   3.5923884171   -3.1978596159   -2.5262780671
  -1.5750178704   -4.9979418416    1.3351135803
  -0.5284960549   -4.8474747204    1.3351135803
  -1.8286394270   -5.4218079264    0.3727882974
  -0.7873184531   -5.4218079264    0.3727882974
  -1.8286394270   -5.4218079264   -0.6953121856
  -0.7873184531   -5.4218079264   -0.6953121856
  -1.5750178704   -4.9979418416   -1.6576374686
  -0.5284960549   -4.8474747204   -1.6576374686
  -0.7873184531   -4.0424557018   -2.3235872271
  -2.5542761036   -2.4022049554    3.2532396107
  -1.5129551297   -2.4022049554    3.0155648937
  -2.0336156167   -1.5003945385    3.0155648937
  -3.0749365905   -1.5003945385    3.0155648937
  -3.5955970775   -2.4022049554    3.0155648937
  -3.0749365905   -3.3040153723    3.0155648937
  -2.0336156167   -3.3040153723    3.0155648937
  -4.3546644572   -1.8735632372    2.3496151352
  -4.3546644572   -2.9308466736    2.3496151352
  -3.7830538758   -3.8202900996    2.3496151352
  -2.8213150340   -4.2595015121    2.3496151352
  -1.7747932185   -4.1090343908    2.3496151352
  -4.8941030928   -2.4022049554    1.3872898522
  -4.6623873772   -3.4174178384    1.3872898522
  -4.0131343695   -4.2315553591    1.3872898522
  -5.0000749656   -2.2688425873   -0.3612929657
  -5.0000749656   -2.2688425873   -1.4293934487
  -4.7683592500   -3.2840554703   -1.4293934487
  -4.1191062423   -4.0981929910   -1.4293934487
  -3.8890257486   -0.8507574431   -2.3917187317
  -4.4606363299   -1.7402008691   -2.3917187317
  -4.4606363299   -2.7974843055   -2.3917187317
  -3.8890257486   -3.6869277315   -2.3917187317
  -2.9272869068   -4.1261391440   -2.3917187317
  -1.6189270025   -2.2688425873   -3.0576684902
  -2.1395874895   -1.3670321704   -3.0576684902
  -3.1809084633   -1.3670321704   -3.0576684902
  -3.7015689503   -2.2688425873   -3.0576684902
  -3.1809084633   -3.1706530042   -3.0576684902
  -2.1395874895   -3.1706530042   -3.0576684902
  -2.6602479764   -2.2688425873   -3.2953432072
  -2.3746297368    2.5006547934    3.6189253883
  -1.3333087629    2.5006547934    3.3812506712
  -1.8539692498    3.4024652103    3.3812506712
  -2.8952902237    3.4024652103    3.3812506712
  -3.4159507107    2.5006547934    3.3812506712
  -2.8952902237    1.5988443765    3.3812506712
  -1.8539692498    1.5988443765    3.3812506712
  -2.6416686671    4.3579513501    2.7153009127
  -3.6034075090    3.9187399376    2.7153009127
  -4.1750180903    3.0292965116    2.7153009127
  -4.1750180903    1.9720130752    2.7153009127
  -3.8334880027    4.3300051971    1.7529756298
  -4.4827410104    3.5158676764    1.7529756298
  -4.7144567260    2.5006547934    1.7529756298
  -4.5893880998    3.6501933968    0.0062081763
  -4.8211038154    2.6349805139    0.0062081763
  -3.0019373131    4.9161431553   -1.0618923066
  -3.9401350921    4.4643309176   -1.0618923066
  -4.5893880998    3.6501933968   -1.0618923066
  -4.8211038154    2.6349805139   -1.0618923066
  -2.7483157566    4.4922770705   -2.0242175896
  -3.7100545984    4.0530656581   -2.0242175896
  -4.2816651797    3.1636222320   -2.0242175896
  -4.2816651797    2.1063387957   -2.0242175896
  -1.4399558523    2.6349805139   -2.6901673481
  -1.9606163392    3.5367909307   -2.6901673481
  -3.0019373131    3.5367909307   -2.6901673481
  -3.5225978001    2.6349805139   -2.6901673481
  -3.0019373131    1.7331700970   -2.6901673481
  -1.9606163392    1.7331700970   -2.6901673481
  -2.4812768262    2.6349805139   -2.9278420651
  -0.5726205722    4.2304936063    2.4849598377
  -0.3137981740    5.0355126249    1.8190100792
  -1.3603199895    5.1859797461    1.8190100792
   0.3655772068    5.1580335932    0.8566847962
  -0.5726205722    5.6098458309    0.8566847962
  -1.6139415461    5.6098458309    0.8566847962
   0.3655772068    5.1580335932   -0.2114156868
  -0.5726205722    5.6098458309   -0.2114156868
  -1.6139415461    5.6098458309   -0.2114156868
  -0.3137981740    5.0355126249   -1.1737409698
  -1.3603199895    5.1859797461   -1.1737409698
  -0.5726205722    4.2304936063   -1.8396907283
