   0.0273349288
   0.0285183716
   0.0215037009
   0.0309771406
   0.0090128184
   0.0087684555
   0.0113725246
   0.0096053117
   0.0247054492
   0.0139814479
   0.0288442059
   0.0184932954
   0.0114333050
  -0.0091842596
  -0.0214135937
  -0.0172953455
  -0.0332652061
  -0.0203018852
  -0.0322792221
  -0.0330143587
  -0.0047076869
  -0.0347243161
  -0.0183950218
  -0.0097163653
  -0.0256639198
  -0.0167011523
  -0.0126556678
   0.0041976695
   0.0055025486
   0.0188804104
   0.0027396770
   0.0097807799
  -0.0022318328
   0.0018939672
   0.0023947119
   0.0166433996
   0.0054707181
   0.0076445524
   0.0090811190
   0.0014495595
   0.0053178126
  -0.0014719395
  -0.0046612187
   0.0148574377
   0.0048475940
  -0.0024796497
   0.0074810740
  -0.0250899075
  -0.0290100566
  -0.0401753110
  -0.0339654886
  -0.0423473890
  -0.0465457985
  -0.0387337603
  -0.0414530177
  -0.0473491423
  -0.0462111362
  -0.0406151115
  -0.0457231898
  -0.0401097398
  -0.0229659143
  -0.0376234015
  -0.0325160397
  -0.0205707547
   0.0012241085
  -0.0005952385
   0.0132146881
   0.0008857609
   0.0032790439
   0.0197036143
   0.0037284911
   0.0056508020
   0.0165781503
  -0.0035312753
   0.0196860634
  -0.0007174308
   0.0095734013
  -0.0291400526
  -0.0378754688
  -0.0465870574
  -0.0368446061
  -0.0513776117
  -0.0537449480
  -0.0496260465
  -0.0448549595
  -0.0541955440
  -0.0553010343
  -0.0528319304
  -0.0399747471
  -0.0497711743
  -0.0525903758
  -0.0477122219
  -0.0345870313
  -0.0433968886
  -0.0304494939
  -0.0222176956
   0.0040263541
   0.0032652239
   0.0134255713
   0.0029450353
   0.0026492777
   0.0047246443
   0.0096170579
   0.0003669053
   0.0094642921
   0.0119608170
   0.0029813588
   0.0035206140
  -0.0022169789
  -0.0017354658
   0.0041915233
   0.0056129392
   0.0035828353
  -0.0378042667
   0.0028668872
  -0.0009016306
  -0.0029601436
   0.0296242983
   0.0353351450
   0.0315790749
   0.0303213123
   0.0496569636
   0.0366855444
   0.0320621384
   0.0300939147
   0.0375173376
   0.0307095170
   0.0375894184
   0.0222113880
   0.0028636977
   0.0274077912
   0.0205684840
   0.0096326825
  -0.0082838932
  -0.0026523244
   0.0233085245
   0.0175533021
   0.0120248028
   0.0179931788
   0.0246610675
   0.0200831931
   0.0183631686
   0.0222487293
   0.0150801332
   0.0072974254
   0.0165004634
   0.0226897015
   0.0258189536
   0.0198243107
   0.0069564548
  -0.0188768809
   0.0050108389
   0.0365475078
   0.0255947160
   0.0440323124
   0.0252041025
   0.0360206432
   0.0441867632
   0.0260264168
   0.0365762829
   0.0371494488
   0.0272772665
  -0.0097340915
   0.0021773910
   0.0103028366
   0.0048204233
  -0.0170430515
   0.0101932732
   0.0046869376
  -0.0190669196
   0.0012778598
   0.0056885222
   0.0055504667
   0.0024400847
  -0.0032550343
   0.0063518813
   0.0070998582
  -0.0148843746
   0.0022303976
   0.0083146285
   0.0081564203
  -0.0238099915
   0.0009633024
  -0.0248086243
  -0.0003496506
  -0.0258999666
  -0.0096745670
   0.0033994305
   0.0085994695
   0.0052320546
   0.0041501072
   0.0010705344
   0.0073398069
   0.0067009586
   0.0065093455
   0.0026681220
   0.0008669346
   0.0022264266
   0.0026498541
  -0.0041471835
   0.0009130571
   0.0031188230
   0.0033563655
  -0.0027093188
  -0.0187337220
  -0.0066476121
  -0.0378384553
   0.0043599373
  -0.0055915235
  -0.0330143949
   0.0022333439
   0.0034124405
  -0.0019493592
  -0.0188121985
   0.0009372132
   0.0018161909
   0.0026271012
  -0.0050470723
   0.0014896114
   0.0023006636
  -0.0211018420
  -0.0041572724
  -0.0228953498
  -0.0013823309
   0.0043586874
  -0.0265717316
  -0.0023856326
   0.0036613463
  -0.0068284654
   0.0224113039
   0.0246992392
   0.0320850213
   0.0233187600
   0.0177061601
   0.0238073799
   0.0252545967
   0.0086447373
   0.0075277704
   0.0108880054
   0.0074607864
   0.0188562472
   0.0102423093
   0.0334359404
   0.0141234901
   0.0220127300
   0.0134823105
   0.0090704779
  -0.0053914360
  -0.0132500102
  -0.0103120074
  -0.0210188400
  -0.0129028908
  -0.0233622284
  -0.0192894770
   0.0025361417
  -0.0240210230
  -0.0189624984
  -0.0151280672
  -0.0222776866
  -0.0114103617
  -0.0073067697
  -0.0162358395
  -0.0100525120
  -0.0075506804
   0.0026699058
   0.0028807356
   0.0107732850
   0.0006673780
   0.0056720363
  -0.0034318796
   0.0006649485
   0.0027903395
   0.0096232769
   0.0037432456
   0.0054841057
   0.0053878584
   0.0024503111
   0.0015858671
  -0.0019163092
  -0.0056832959
   0.0084750046
   0.0030231255
  -0.0034371392
   0.0035994238
  -0.0179497327
  -0.0196842526
  -0.0289559725
  -0.0245124273
  -0.0305492026
  -0.0349016715
  -0.0287059034
  -0.0287749292
  -0.0360923713
  -0.0363243542
  -0.0277170695
  -0.0356036520
  -0.0362430541
  -0.0279412158
  -0.0338269721
  -0.0295692699
  -0.0137073004
  -0.0262536167
  -0.0230378030
  -0.0140684821
   0.0009847025
  -0.0025906791
   0.0078059636
  -0.0011335494
   0.0005965407
   0.0110440069
   0.0030738014
   0.0012865205
   0.0093510382
  -0.0045486911
  -0.0022789499
  -0.0127000203
   0.0045788238
  -0.0215189409
  -0.0273004437
  -0.0347129911
  -0.0267989235
  -0.0385915052
  -0.0416479466
  -0.0371041495
  -0.0403624155
  -0.0442098455
  -0.0435755050
  -0.0378049597
  -0.0396079249
  -0.0437426646
  -0.0430671309
  -0.0368886977
  -0.0369614198
  -0.0400826227
  -0.0343639919
  -0.0246582360
  -0.0315356952
  -0.0208940219
  -0.0160680738
   0.0032923362
   0.0016505246
   0.0076697621
  -0.0002161911
   0.0024027527
   0.0024153211
   0.0072961935
   0.0080998920
   0.0074233340
   0.0085654796
   0.0063220386
   0.0002990777
   0.0015822892
  -0.0033245322
   0.0010332444
   0.0026736149
   0.0018954661
   0.0021745517
  -0.0036745210
   0.0256959962
   0.0288701132
   0.0267057450
   0.0257060804
   0.0376393947
   0.0302758446
   0.0274706449
   0.0258066697
   0.0381708361
   0.0309711895
   0.0273011862
   0.0255847045
   0.0399487129
   0.0313245371
   0.0264854778
   0.0306301267
   0.0198479148
   0.0105884084
  -0.0047155801
   0.0224641136
   0.0174615234
   0.0101343676
  -0.0007085759
  -0.0057650270
   0.0193817580
   0.0150884956
   0.0100434574
   0.0118760092
   0.0170080211
   0.0208527140
   0.0162851890
   0.0143570692
   0.0179842548
   0.0129627314
   0.0059803538
   0.0091811128
   0.0152292635
   0.0189531927
   0.0210346529
   0.0163789428
   0.0077039855
  -0.0077224499
   0.0196823160
   0.0105161951
  -0.0068080955
   0.0296197958
   0.0220913588
   0.0363653757
   0.0214493760
   0.0296244576
   0.0392170702
   0.0156674147
   0.0260021111
   0.0325104253
   0.0365103609
   0.0083605417
   0.0224791399
   0.0302876438
   0.0301178119
   0.0234504375
  -0.0012072785
   0.0059421067
  -0.0000559039
   0.0079226305
   0.0043544676
  -0.0055506946
   0.0057624045
  -0.0006667733
   0.0041389169
  -0.0029398091
   0.0029522553
   0.0035236844
   0.0016934284
  -0.0046162939
  -0.0001050177
   0.0045415804
   0.0043972674
  -0.0207926622
  -0.0051138573
   0.0030942721
   0.0058548307
   0.0049101318
  -0.0099097033
   0.0014028674
   0.0065007811
  -0.0300984915
  -0.0087520241
   0.0014566864
   0.0067463603
  -0.0126975260
  -0.0023562700
   0.0039270214
   0.0061586174
   0.0032413629
   0.0028253744
  -0.0006500178
   0.0021665957
   0.0050959441
   0.0041241946
   0.0039011037
   0.0002911318
  -0.0004857565
   0.0000150648
   0.0009585943
  -0.0022968796
  -0.0046795838
  -0.0001543089
  -0.0001090145
   0.0014066752
  -0.0009653889
  -0.0083717215
  -0.0203888065
   0.0016627123
  -0.0040139806
  -0.0164690927
   0.0012907529
  -0.0033931260
  -0.0148994654
  -0.0007268598
   0.0012651127
  -0.0006830702
  -0.0082176696
  -0.0224016105
  -0.0004990369
  -0.0003604207
   0.0008234708
  -0.0025720531
  -0.0052124406
   0.0003766435
   0.0000871542
  -0.0168183949
  -0.0076014676
  -0.0239093152
  -0.0059924513
   0.0003953230
  -0.0120105331
  -0.0016978638
   0.0022019333
  -0.0077385034
  -0.0005363145
  -0.0105980979
   0.0187866101
   0.0209000004
   0.0250755682
   0.0233419494
   0.0194545642
   0.0205732950
   0.0157593405
   0.0074072660
  -0.0112469362
   0.0201485334
   0.0223788447
   0.0212378772
   0.0080047360
   0.0069405299
   0.0100779187
   0.0064379571
   0.0151922504
   0.0083157415
   0.0257329718
   0.0101756846
   0.0209339959
   0.0066406842
   0.0287864993
   0.0176499108
   0.0107582719
   0.0078337937
  -0.0028590046
  -0.0081888902
  -0.0058290305
  -0.0078510491
  -0.0133956323
  -0.0078681730
  -0.0153277350
  -0.0125808876
  -0.0165451261
  -0.0073484126
  -0.0161230258
  -0.0121555507
  -0.0105992039
  -0.0143957781
  -0.0067546814
  -0.0050232130
  -0.0102698280
  -0.0056554650
  -0.0041768660
   0.0021154326
   0.0025407163
   0.0067369131
   0.0002572370
   0.0037840186
  -0.0029291533
   0.0005259546
   0.0029013165
   0.0061277631
   0.0035755112
   0.0047524608
   0.0038056957
   0.0030620210
   0.0000019748
  -0.0016119339
  -0.0053320346
   0.0025826083
  -0.0076882112
  -0.0033240248
   0.0019291402
  -0.0131181711
  -0.0132470492
  -0.0220150776
  -0.0185355259
  -0.0217578392
  -0.0271550281
  -0.0244429821
  -0.0193156597
  -0.0275831878
  -0.0290973473
  -0.0180797788
  -0.0270123423
  -0.0289187223
  -0.0236687618
  -0.0187197977
  -0.0259117171
  -0.0245793314
  -0.0194391941
  -0.0173434860
  -0.0097255557
   0.0003567113
   0.0047165212
  -0.0006412715
   0.0067455610
   0.0020992544
  -0.0007485351
   0.0054182756
  -0.0045832813
  -0.0027814890
  -0.0091743611
   0.0020307437
  -0.0163748159
  -0.0206346621
  -0.0274423794
  -0.0203138678
  -0.0267287302
  -0.0332817221
  -0.0326618291
  -0.0247655618
  -0.0286187431
  -0.0350442550
  -0.0362454321
  -0.0336780954
  -0.0345732198
  -0.0358028368
  -0.0330354311
  -0.0253626502
  -0.0319327288
  -0.0308737575
  -0.0187268220
  -0.0246509031
  -0.0120235632
   0.0023154902
   0.0011031016
   0.0048141134
  -0.0009452795
   0.0018605802
   0.0014970464
   0.0007504122
  -0.0056585043
   0.0054167339
  -0.0130273948
  -0.0008190973
   0.0042770886
   0.0059832636
   0.0053452581
   0.0057183660
   0.0040821509
  -0.0004611382
   0.0007745995
  -0.0034287793
  -0.0004925223
   0.0005254280
   0.0003124782
   0.0008490884
  -0.0005725264
  -0.0061093749
  -0.0204364367
   0.0000250447
  -0.0037445161
   0.0228650520
   0.0256367044
   0.0234881020
   0.0320387753
   0.0263534991
   0.0240476752
   0.0225683049
   0.0326629131
   0.0269323301
   0.0239703430
   0.0224742653
   0.0338738003
   0.0272151144
   0.0234772220
   0.0272159755
   0.0096773650
  -0.0028926802
   0.0201745494
   0.0153234762
   0.0089467744
  -0.0004065864
  -0.0093169067
   0.0169117961
   0.0122585985
   0.0072204960
   0.0092529529
   0.0146069380
   0.0187266041
   0.0136475863
   0.0116207978
   0.0153494820
   0.0100926389
   0.0031440158
   0.0065588064
   0.0127257972
   0.0166079014
   0.0186451732
   0.0142264024
   0.0069599836
  -0.0057527260
   0.0097020458
  -0.0041400907
   0.0256938382
   0.0183671778
   0.0319730353
   0.0078317397
   0.0191605532
   0.0258524416
   0.0346135254
   0.0145844068
   0.0226991475
   0.0282953714
   0.0320213235
   0.0094293590
   0.0199732555
   0.0263516612
   0.0260814393
   0.0195561904
  -0.0019787774
   0.0033511121
  -0.0031302489
   0.0052493968
   0.0013384803
  -0.0090926860
   0.0030845726
  -0.0039985708
  -0.0037400314
   0.0012971243
   0.0022154515
   0.0004481698
  -0.0062279704
  -0.0019296679
   0.0027356239
   0.0029208196
  -0.0129133306
  -0.0022885310
   0.0028381492
   0.0043481123
  -0.0205064998
  -0.0049426982
   0.0022804210
  -0.0179593022
  -0.0045844134
   0.0022878454
  -0.0176837580
  -0.0084305380
  -0.0007167139
   0.0034022318
   0.0047097109
   0.0018998618
   0.0015753116
  -0.0022736085
   0.0003176773
   0.0033723918
   0.0027498707
   0.0023047368
  -0.0010781182
  -0.0015365227
  -0.0011699509
  -0.0005299600
  -0.0038083625
  -0.0059360665
  -0.0011277656
   0.0000845435
  -0.0010108562
  -0.0056674170
  -0.0147464482
  -0.0024702130
  -0.0104196308
  -0.0273365722
   0.0005986499
  -0.0023039942
  -0.0094158998
  -0.0255200511
  -0.0001979049
  -0.0009158571
  -0.0054027570
  -0.0151845844
  -0.0014740949
  -0.0015008648
  -0.0006402445
  -0.0040325759
  -0.0063335503
  -0.0003239384
  -0.0011595590
  -0.0080523743
  -0.0089766386
  -0.0019984199
  -0.0153892361
  -0.0045412979
  -0.0001544331
  -0.0108705396
  -0.0028873200
  -0.0107724076
   0.0158494835
   0.0202718501
   0.0196361297
   0.0196866226
   0.0167262041
   0.0176663038
   0.0135330864
   0.0066565414
  -0.0076047361
   0.0180428147
   0.0140012481
   0.0175577020
   0.0192060785
   0.0244203471
   0.0180641970
   0.0072124056
   0.0101169158
   0.0063714583
   0.0091219604
   0.0057870501
   0.0126065660
   0.0071306473
   0.0205495277
   0.0080635503
   0.0164161898
   0.0077237395
   0.0229184090
   0.0106056547
   0.0145682733
   0.0057886336
   0.0090376368
   0.0069999106
  -0.0012360564
  -0.0050192255
  -0.0030110848
  -0.0052647923
  -0.0085688735
  -0.0045293239
  -0.0105875309
  -0.0065722238
  -0.0100192302
  -0.0105051871
  -0.0020857368
  -0.0103699952
  -0.0104611930
  -0.0015001541
  -0.0110318620
  -0.0058668273
  -0.0073282339
  -0.0093230487
  -0.0036761700
  -0.0032826485
  -0.0064484767
  -0.0028237304
  -0.0020031786
   0.0017980761
   0.0025920613
   0.0002349541
   0.0026985913
   0.0006534899
   0.0027157679
   0.0040418116
   0.0035513950
   0.0043382313
   0.0028813662
   0.0032530181
  -0.0006825531
  -0.0012146171
  -0.0047080195
   0.0024791341
  -0.0050832306
  -0.0029409498
   0.0011723045
  -0.0098139950
  -0.0093537363
  -0.0163202290
  -0.0140963964
  -0.0151136067
  -0.0203953568
  -0.0200094717
  -0.0125389492
  -0.0207438704
  -0.0230729856
  -0.0201871805
  -0.0195316267
  -0.0232754231
  -0.0228411636
  -0.0196107315
  -0.0225921145
  -0.0205971653
  -0.0114348844
  -0.0187231990
  -0.0194653880
  -0.0151370098
  -0.0137764448
  -0.0128138311
  -0.0068054169
  -0.0003167640
   0.0027448542
  -0.0013311072
   0.0043137445
   0.0011744032
  -0.0017364172
   0.0030416947
  -0.0043633545
  -0.0029226679
  -0.0070250391
   0.0006290126
  -0.0128625334
  -0.0159626894
  -0.0212214982
  -0.0157234527
  -0.0247956091
  -0.0266846593
  -0.0238607302
  -0.0265658504
  -0.0294502156
  -0.0288963330
  -0.0246437546
  -0.0281229095
  -0.0302081802
  -0.0296445401
  -0.0261977608
  -0.0257821934
  -0.0287531791
  -0.0280283085
  -0.0231952142
  -0.0234873750
  -0.0250730258
  -0.0213064288
  -0.0142915183
  -0.0186324683
   0.0013929955
   0.0007980629
   0.0031544831
   0.0012891871
   0.0009746971
   0.0002787663
  -0.0038897540
   0.0034289508
  -0.0070207387
   0.0004278271
   0.0035238067
   0.0043511047
   0.0008976491
   0.0036593258
   0.0044789945
   0.0039889694
   0.0035794235
   0.0026842088
  -0.0006108837
   0.0003296060
  -0.0033220792
  -0.0107345127
  -0.0049257496
  -0.0011724374
  -0.0005027357
  -0.0003548226
  -0.0009066014
  -0.0039912989
  -0.0118222379
  -0.0005177162
  -0.0008132998
  -0.0017822270
  -0.0063827046
  -0.0036633967
   0.0207438381
   0.0270236705
   0.0229929642
   0.0211967472
   0.0199513613
   0.0276376508
   0.0234693843
   0.0213874034
   0.0200261607
   0.0282139341
   0.0237788119
   0.0212318406
   0.0288485936
   0.0238985747
   0.0209638529
   0.0236942541
  -0.0029191962
   0.0152820679
   0.0093698735
   0.0009896188
   0.0172664627
   0.0131147437
   0.0078074416
   0.0008276280
  -0.0045511026
   0.0145555571
   0.0104399338
   0.0064578769
   0.0080611455
   0.0126372621
   0.0160989998
   0.0116776751
   0.0096276530
   0.0128772555
   0.0082809385
   0.0029217312
   0.0055087847
   0.0107261991
   0.0140209452
   0.0157150137
   0.0118118085
   0.0056711103
  -0.0039525338
   0.0146026273
   0.0086730459
  -0.0009503156
   0.0270074398
   0.0157493701
   0.0217448883
   0.0304002607
   0.0134795864
   0.0199229707
   0.0247607314
   0.0303551093
   0.0138791860
   0.0201753982
   0.0249097007
   0.0270638689
   0.0166212249
   0.0222542389
   0.0219610185
   0.0164079699
   0.0021526380
  -0.0030644476
   0.0031984653
  -0.0007860688
   0.0030998429
  -0.0010038562
   0.0017212100
  -0.0040966441
  -0.0034445905
   0.0002351203
   0.0013611445
  -0.0004062617
  -0.0054096970
  -0.0024670700
   0.0013652107
   0.0018693273
  -0.0107853710
  -0.0027834356
   0.0014874441
   0.0029072458
   0.0020797214
  -0.0102598001
  -0.0019833182
   0.0022181594
  -0.0128920161
  -0.0082913255
  -0.0013453974
   0.0025344041
  -0.0122504473
  -0.0067777142
  -0.0011458887
   0.0021555428
   0.0032176378
   0.0012073003
   0.0007564293
  -0.0021792681
  -0.0004216000
   0.0020814993
   0.0018484693
   0.0012573401
  -0.0019090503
  -0.0019361995
  -0.0017659230
  -0.0015287154
  -0.0040984300
  -0.0054053845
  -0.0018251729
  -0.0009612120
  -0.0018531579
  -0.0054740755
  -0.0118419893
  -0.0017740534
  -0.0059937236
  -0.0142630092
  -0.0067920262
  -0.0176344309
  -0.0005437547
  -0.0017590130
  -0.0055698365
  -0.0135985955
  -0.0011803372
  -0.0018205657
  -0.0053834331
  -0.0123381290
  -0.0018120155
  -0.0020003545
  -0.0016201693
  -0.0042604008
  -0.0055497256
  -0.0010713098
  -0.0018982806
  -0.0075234836
  -0.0087422069
  -0.0029627345
  -0.0164674771
  -0.0064229083
  -0.0019010004
  -0.0178137427
  -0.0069777128
  -0.0022090404
  -0.0107400675
  -0.0039044193
  -0.0098141236
